-5.25722501449,-8.50656129978,0.0/5.25722501449,-8.50656129978,0.0/0.0,-5.25722501449,8.50656129978
0.0,-5.25722501449,8.50656129978/5.25722501449,-8.50656129978,0.0/8.50656129978,0.0,5.25722501449
0.0,-5.25722501449,8.50656129978/8.50656129978,0.0,5.25722501449/0.0,5.25722501449,8.50656129978
0.0,5.25722501449,8.50656129978/8.50656129978,0.0,5.25722501449/5.25722501449,8.50656129978,0.0
0.0,5.25722501449,8.50656129978/5.25722501449,8.50656129978,0.0/-5.25722501449,8.50656129978,0.0
0.0,5.25722501449,8.50656129978/-5.25722501449,8.50656129978,0.0/-8.50656129978,0.0,5.25722501449
0.0,-5.25722501449,8.50656129978/0.0,5.25722501449,8.50656129978/-8.50656129978,0.0,5.25722501449
0.0,-5.25722501449,8.50656129978/-8.50656129978,0.0,5.25722501449/-5.25722501449,-8.50656129978,0.0
5.25722501449,-8.50656129978,0.0/-5.25722501449,-8.50656129978,0.0/0.0,-5.25722501449,-8.50656129978
5.25722501449,-8.50656129978,0.0/0.0,-5.25722501449,-8.50656129978/8.50656129978,0.0,-5.25722501449
8.50656129978,0.0,-5.25722501449/0.0,-5.25722501449,-8.50656129978/0.0,5.25722501449,-8.50656129978
8.50656129978,0.0,-5.25722501449/0.0,5.25722501449,-8.50656129978/5.25722501449,8.50656129978,0.0
-5.25722501449,8.50656129978,0.0/5.25722501449,8.50656129978,0.0/0.0,5.25722501449,-8.50656129978
-5.25722501449,8.50656129978,0.0/0.0,5.25722501449,-8.50656129978/-8.50656129978,0.0,-5.25722501449
0.0,5.25722501449,-8.50656129978/0.0,-5.25722501449,-8.50656129978/-8.50656129978,0.0,-5.25722501449
0.0,-5.25722501449,-8.50656129978/-5.25722501449,-8.50656129978,0.0/-8.50656129978,0.0,-5.25722501449
8.50656129978,0.0,5.25722501449/5.25722501449,-8.50656129978,0.0/8.50656129978,0.0,-5.25722501449
5.25722501449,8.50656129978,0.0/8.50656129978,0.0,5.25722501449/8.50656129978,0.0,-5.25722501449
-8.50656129978,0.0,5.25722501449/-5.25722501449,8.50656129978,0.0/-8.50656129978,0.0,-5.25722501449
-5.25722501449,-8.50656129978,0.0/-8.50656129978,0.0,5.25722501449/-8.50656129978,0.0,-5.25722501449
